36,12
0,534
34,103
34,102
34,101
34,100
34,99
34,98
37,49
37,48
37,47
37,46
37,45
37,44
37,43
37,42
37,41
37,40
37,39
37,38
37,37
37,36
34,97
0,533
0,532
0,531
0,530
0,529
0,528
0,527
0,526
0,525
0,524
0,523
0,522
0,243
0,388
0,521
30,2
30,4
0,520
36,11
0,519
0,518
34,96
0,517
0,516
0,515
0,514
34,95
34,94
34,93
34,92
34,91
34,90
34,89
34,88
34,87
34,86
34,85
34,84
34,83
34,82
34,81
34,80
34,79
34,78
34,77
34,76
34,75
34,74
34,73
34,72
34,71
0,513
0,512
0,511
36,10
28,5
28,4
0,510
0,509
0,508
36,9
36,8
36,2
36,0
0,507
0,506
0,505
35,2
35,5
36,6
36,4
34,70
34,69
34,68
34,67
34,66
34,65
34,2
34,0
36,7
27,4
27,1
27,3
31,4
31,1
31,3
32,5
32,1
32,3
35,4
35,1
35,3
29,4
30,1
30,3
29,5
29,1
29,3
28,1
28,3
36,5
36,1
36,3
26,5
37,35
26,4
26,1
26,3
25,4
25,1
25,3
14,5
34,4
